function mpc = case_ACTIVSg200
%CASE_ACTIVSG200

%% MATPOWER Case Format : Version 2
mpc.version = '2';

%%-----  Power Flow Data  -----%%
%% system MVA base
mpc.baseMVA = 100;

%% bus data
%	bus_i	type	Pd	Qd	Gs	Bs	area	Vm	Va	baseKV	zone	Vmax	Vmin	lam_P	lam_Q	mu_Vmax	mu_Vmin
mpc.bus = [
	1	1	0	0	0	0	1	1.01916363	-7.08600773	115	2	1.1	0.9	6.8700	0.0000	0.0000	0.0000;
	2	1	7.39	2.1	0	0	1	1.01904599	-7.09884079	115	2	1.1	0.9	6.8700	0.0000	0.0000	0.0000;
	3	1	0	0	0	0	1	1.02999962	-10.029999	115	4	1.1	0.9	6.8700	0.0000	0.0000	0.0000;
	4	1	1.7	0.48	0	0	1	1.02997477	-10.0328831	115	4	1.1	0.9	6.8700	0.0000	0.0000	0.0000;
	5	1	0	0	0	0	1	1.03722974	-3.54629276	115	6	1.1	0.9	6.8700	0.0000	0.0000	0.0000;
	6	1	7.95	2.26	0	0	1	1.0371038	-3.55958758	115	6	1.1	0.9	6.8700	0.0000	0.0000	0.0000;
	7	1	0	0	0	0	1	1.01311034	-7.79401769	115	2	1.1	0.9	6.8700	0.0000	0.0000	0.0000;
	8	1	23.74	6.77	0	0	1	1.0127483	-7.83389739	115	2	1.1	0.9	6.8700	0.0000	0.0000	0.0000;
	9	1	0	0	0	0	1	1.01578675	-7.47255946	115	2	1.1	0.9	6.8700	0.0000	0.0000	0.0000;
	10	1	42.68	12.16	0	0	1	1.01506429	-7.56269003	115	2	1.1	0.9	6.8700	0.0000	0.0000	0.0000;
	11	1	0	0	0	0	1	1.0462662	-7.60410243	115	4	1.1	0.9	6.8700	0.0000	0.0000	0.0000;
	12	1	0.3	0.09	0	0	1	1.04626163	-7.60463204	115	4	1.1	0.9	6.8700	0.0000	0.0000	0.0000;
	13	1	2.52	0.72	0	0	1	1.04622647	-7.60862558	115	4	1.1	0.9	6.8700	0.0000	0.0000	0.0000;
	14	1	0	0	0	0	1	1.04455953	-6.24559702	230	4	1.1	0.9	6.8700	0.0000	0.0000	0.0000;
	15	1	0	0	0	30	1	1.04901382	-7.10547161	115	4	1.1	0.9	6.8700	0.0000	0.0000	0.0000;
	16	1	44.76	12.76	0	0	1	1.04838744	-7.17641622	115	4	1.1	0.9	6.8700	0.0000	0.0000	0.0000;
	17	1	0	0	0	0	1	1.02479653	-8.30607803	115	4	1.1	0.9	6.8700	0.0000	0.0000	0.0000;
	18	1	0.71	0.2	0	0	1	1.02478539	-8.3075439	115	4	1.1	0.9	6.8700	0.0000	0.0000	0.0000;
	19	1	0.77	0.22	0	0	1	1.02478606	-8.30730979	115	4	1.1	0.9	6.8700	0.0000	0.0000	0.0000;
	20	1	1.13	0.32	0	0	1	1.02477924	-8.30802775	115	4	1.1	0.9	6.8700	0.0000	0.0000	0.0000;
	21	1	4.61	1.31	0	0	1	1.02471826	-8.31554498	115	4	1.1	0.9	6.8700	0.0000	0.0000	0.0000;
	22	1	0	0	0	0	1	1.044468	-8.02116587	115	4	1.1	0.9	6.8700	0.0000	0.0000	0.0000;
	23	1	1.41	0.4	0	0	1	1.04444735	-8.02342254	115	4	1.1	0.9	6.8700	0.0000	0.0000	0.0000;
	24	1	2.4	0.68	0	0	1	1.04443224	-8.02478659	115	4	1.1	0.9	6.8700	0.0000	0.0000	0.0000;
	25	1	0	0	0	0	1	1.04239515	-4.00297757	115	6	1.1	0.9	6.8700	0.0000	0.0000	0.0000;
	26	1	1.35	0.39	0	0	1	1.04237576	-4.00503827	115	6	1.1	0.9	6.8700	0.0000	0.0000	0.0000;
	27	1	0	0	0	0	1	1.04550657	-7.97430501	115	4	1.1	0.9	6.8700	0.0000	0.0000	0.0000;
	28	1	2.33	0.67	0	0	1	1.04546808	-7.9789403	115	4	1.1	0.9	6.8700	0.0000	0.0000	0.0000;
	29	1	0	0	0	0	1	1.0181786	-7.05497558	115	2	1.1	0.9	6.8700	0.0000	0.0000	0.0000;
	30	1	59.09	16.84	0	0	1	1.01725573	-7.15085535	115	2	1.1	0.9	6.8700	0.0000	0.0000	0.0000;
	31	1	0	0	0	0	1	1.02158677	-5.83287135	115	7	1.1	0.9	6.8700	0.0000	0.0000	0.0000;
	32	1	0.51	0.15	0	0	1	1.02157773	-5.83390392	115	7	1.1	0.9	6.8700	0.0000	0.0000	0.0000;
	33	1	6.44	1.84	0	0	1	1.02148791	-5.84520508	115	7	1.1	0.9	6.8700	0.0000	0.0000	0.0000;
	34	1	0	0	0	0	1	1.03264132	-9.32700297	115	4	1.1	0.9	6.8700	0.0000	0.0000	0.0000;
	35	1	20.76	5.92	0	0	1	1.03231475	-9.36616807	115	4	1.1	0.9	6.8700	0.0000	0.0000	0.0000;
	36	1	0	0	0	0	1	1.02807076	-6.1793044	115	7	1.1	0.9	6.8700	0.0000	0.0000	0.0000;
	37	1	3.57	1.02	0	0	1	1.02801856	-6.18544011	115	7	1.1	0.9	6.8700	0.0000	0.0000	0.0000;
	38	1	29.81	8.5	0	0	1	1.02758552	-6.2329799	115	7	1.1	0.9	6.8700	0.0000	0.0000	0.0000;
	39	1	7.41	2.11	0	0	1	1.02456486	-10.4939742	115	4	1.1	0.9	6.8700	0.0000	0.0000	0.0000;
	40	1	2.04	0.58	0	0	1	1.02453724	-10.4972694	115	4	1.1	0.9	6.8700	0.0000	0.0000	0.0000;
	41	1	38.34	10.93	0	0	1	1.04600933	-7.96016354	115	5	1.1	0.9	6.8700	0.0000	0.0000	0.0000;
	42	1	10.62	3.03	0	0	1	1.03013747	-11.0708699	115	4	1.1	0.9	6.8700	0.0000	0.0000	0.0000;
	43	1	2.09	0.59	0	0	1	1.01726389	-6.40157417	115	2	1.1	0.9	6.8700	0.0000	0.0000	0.0000;
	44	1	4.15	1.18	0	0	1	1.02801163	-10.3997586	115	4	1.1	0.9	6.8700	0.0000	0.0000	0.0000;
	45	1	0	0	0	0	1	1.03846674	-2.06935753	230	7	1.1	0.9	6.8700	0.0000	0.0000	0.0000;
	46	1	6.34	1.81	0	0	1	1.03782767	-2.8900814	115	7	1.1	0.9	6.8700	0.0000	0.0000	0.0000;
	47	1	1.54	0.44	0	0	1	1.03917013	-8.19555351	115	4	1.1	0.9	6.8700	0.0000	0.0000	0.0000;
	48	1	1.82	0.52	0	0	1	1.03511818	-4.17510549	115	6	1.1	0.9	6.8700	0.0000	0.0000	0.0000;
	49	2	0	0	0	0	1	1.04	-3.80285673	13.8	6	1.1	0.9	6.8700	0.0000	0.0000	0.0000;
	50	2	0	0	0	0	1	1.04	-3.89626761	13.8	6	1.1	0.9	6.8700	0.0000	0.0000	0.0000;
	51	2	0	0	0	0	1	1.04	-3.74277586	13.8	6	1.1	0.9	6.8700	0.0000	0.0000	0.0000;
	52	2	0	0	0	0	1	1.04	-3.91476727	13.8	6	1.1	0.9	6.8700	0.0000	0.0000	0.0000;
	53	2	0	0	0	0	1	1.04	-3.34945677	13.8	6	1.1	0.9	6.8700	0.0000	0.0000	0.0000;
	54	1	2.66	0.76	0	0	1	1.03741255	-8.49384375	115	4	1.1	0.9	6.8700	0.0000	0.0000	0.0000;
	55	1	0	0	0	0	1	1.03712195	-2.29963842	230	7	1.1	0.9	6.8700	0.0000	0.0000	0.0000;
	56	1	1.31	0.37	0	0	1	1.03648194	-2.73749556	115	7	1.1	0.9	6.8700	0.0000	0.0000	0.0000;
	57	1	2.82	0.8	0	0	1	1.0280942	-10.4500791	115	4	1.1	0.9	6.8700	0.0000	0.0000	0.0000;
	58	1	4.23	1.21	0	0	1	1.03494055	-6.03097041	115	7	1.1	0.9	6.8700	0.0000	0.0000	0.0000;
	59	1	4.73	1.35	0	0	1	1.01878795	-7.69337976	115	2	1.1	0.9	6.8700	0.0000	0.0000	0.0000;
	60	1	3.8	1.08	0	0	1	1.02911842	-6.55568593	115	2	1.1	0.9	6.8700	0.0000	0.0000	0.0000;
	61	1	20.55	5.86	0	0	1	1.03517925	-3.10340821	115	7	1.1	0.9	6.8700	0.0000	0.0000	0.0000;
	62	1	21.41	6.1	0	0	1	1.02669852	-11.3189642	115	4	1.1	0.9	6.8700	0.0000	0.0000	0.0000;
	63	1	7.98	2.27	0	0	1	1.04364639	-8.23332665	115	4	1.1	0.9	6.8700	0.0000	0.0000	0.0000;
	64	1	0	0	0	0	1	1.04147726	-2.532528	115	6	1.1	0.9	6.8700	0.0000	0.0000	0.0000;
	65	2	0	0	0	0	1	1.04	2.11948295	13.8	6	1.1	0.9	6.8700	0.0000	0.0000	0.0000;
	66	1	0	0	0	0	1	1.04097448	-7.84668305	115	4	1.1	0.9	6.8700	0.0000	0.0000	0.0000;
	67	2	0	0	0	0	1	1.04	-7.72863441	13.8	4	1.1	0.9	6.8700	0.0000	0.0000	0.0000;
	68	2	0	0	0	0	1	1.04	-6.66946498	13.8	4	1.1	0.9	6.8700	0.0000	0.0000	0.0000;
	69	2	0	0	0	0	1	1.04	-7.42207383	13.8	4	1.1	0.9	6.8700	0.0000	0.0000	0.0000;
	70	2	0	0	0	0	1	1.04	-6.95942093	13.8	4	1.1	0.9	6.8700	0.0000	0.0000	0.0000;
	71	2	0	0	0	0	1	1.04	-7.48208596	13.8	4	1.1	0.9	6.8700	0.0000	0.0000	0.0000;
	72	2	0	0	0	0	1	1.04	-7.51260438	13.8	4	1.1	0.9	6.8700	0.0000	0.0000	0.0000;
	73	2	0	0	0	0	1	1.04	-7.19349694	13.8	4	1.1	0.9	6.8700	0.0000	0.0000	0.0000;
	74	1	18.76	5.35	0	0	1	1.02945577	-5.1297588	115	6	1.1	0.9	6.8700	0.0000	0.0000	0.0000;
	75	1	3.6	1.03	0	0	1	1.02898408	-6.11729868	115	2	1.1	0.9	6.8700	0.0000	0.0000	0.0000;
	76	2	0	0	0	0	1	1.04	-5.64234113	13.8	2	1.1	0.9	6.8700	0.0000	0.0000	0.0000;
	77	2	0	0	0	0	1	1.04	-5.29374466	13.8	2	1.1	0.9	6.8700	0.0000	0.0000	0.0000;
	78	2	0	0	0	0	1	1.02898408	-6.11729868	13.8	2	1.1	0.9	6.8700	0.0000	0.0000	0.0000;
	79	2	0	0	0	0	1	1.02898408	-6.11729868	13.8	2	1.1	0.9	6.8700	0.0000	0.0000	0.0000;
	80	1	1.48	0.42	0	0	1	1.04740286	-7.25889364	115	5	1.1	0.9	6.8700	0.0000	0.0000	0.0000;
	81	1	0	0	0	0	1	1.03813357	-3.89662343	230	6	1.1	0.9	6.8700	0.0000	0.0000	0.0000;
	82	1	7.6	2.17	0	0	1	1.03529162	-4.72482808	115	6	1.1	0.9	6.8700	0.0000	0.0000	0.0000;
	83	1	3.14	0.89	0	0	1	1.03059749	-5.14808737	115	7	1.1	0.9	6.8700	0.0000	0.0000	0.0000;
	84	1	3.75	1.07	0	0	1	1.01930982	-5.83768058	115	2	1.1	0.9	6.8700	0.0000	0.0000	0.0000;
	85	1	4.83	1.38	0	0	1	1.02409014	-9.8926547	115	4	1.1	0.9	6.8700	0.0000	0.0000	0.0000;
	86	1	8.25	2.35	0	0	1	1.01430188	-7.63420174	115	2	1.1	0.9	6.8700	0.0000	0.0000	0.0000;
	87	1	0	0	0	0	1	1.03822244	-9.28170835	230	3	1.1	0.9	6.8700	0.0000	0.0000	0.0000;
	88	1	49.34	14.06	0	0	1	1.03676009	-10.4760367	115	3	1.1	0.9	6.8700	0.0000	0.0000	0.0000;
	89	1	62.85	17.91	0	0	1	1.0367668	-6.002597	115	7	1.1	0.9	6.8700	0.0000	0.0000	0.0000;
	90	2	0	0	0	0	1	1.04	-4.84367603	13.8	7	1.1	0.9	6.8700	0.0000	0.0000	0.0000;
	91	2	0	0	0	0	1	1.04	-5.60916995	13.8	7	1.1	0.9	6.8700	0.0000	0.0000	0.0000;
